10000000
00000000
00000110
00001010
00110111
00001101
01101000
00111110
01101111
01001001
00001101
00001101
00101001
00100101
01010001
00010001
00100101
00100101
00011001
01100101
00000101
01101101
00110001
01000001
00000101
00101101
01100001
01000101
00000001
00101101
00101001
00011001
00111101
00100001
01100101
01101101
00101101
01000001
00101001
00001001
01001101
01010101
01101101
01111001
01100010
00100111
01000011
01100111
00001111
00100110
00111010
01010011
01110010
01010011
00000100
00101100
01110100
01011011
01001010
00010100
00001010
01011111
00100010
01101011
01100111
00001000
01101100
01110100
00110011
00101010
01111000
01011111
01101100
00001111
01000010
00000011
01100100
00011111
01010100
01101000
00101011
01011100
00101110
00010011
01011111
01101011
00111000
01010010
01000011
00100010
01111011
01000011
01001010
01001111
01010100
00110011
01100100
01101100
00100011
00100011
01001000
01110011
01001110
01111111
01001111
01101011
00100000
00001011
01000011
01110011
00000001
01101101
01101111
00110000
00110100
00111101
01000000
00001101
00110000
00110000
00110000
00000010
00000000
01000101
01010101
01010101
00000000
00101011
00101101
01001101
01001101
01110101
00001101
01000101
01011100
00000001
01000000
01010010
00000101
00001100
00000001
00000010
01010000
00111100
00110101
00111100
00011100
00011101
00000101
00000000
00000010
00000010
00100101
00110000
00001100
00010101
00101100
00000001
00000011
01000101
00110000
00000000
00000000
00100000
00001100
01100001
01100110
01101001
00000000

