100000000
000011001
000001110
010010101
011000110
011001000
011110011
011110010
011000100
011111110
011101110
011111101
010100010
011011001
010110010
001011010
010110010
011011100
000110011
011111000
010111101
011111000
001001110
001100111
000100101
000010111
001011001
000100111
000101100
000101011
000101100
000101110
010100011
010101111
011000011
010010100
010001111
011000000
011000100
011011100
011000110
001111100
010110010
001101110
011111001
010001100
010111001
001100111
011001101
001001110
011001100
010001011
010001100
010001100
000000000
000001001
010001001
001101011
011100110
011010110
010011100
011100101
001010010
000001110
010010011
010001111
010000000
000100101
011100101
011100000
001100010
000100000
011100000
011101001
010100100
000101000
001100111
011101101
011100011
000100011
001101001
010100011
010100101
011101111
000101101
001100101
000100100
011100100
001100001
010000101
000000100
011000101
011100110
011100110
011100110
001100100
000100001
000100001
010101100
000100011
000000000

