000000000000000000
100000000001100000
100000000001100000
000000000001100010
000000000001100010
000000001000100000
001000000000100000
000000000001010101
000000000000100110
000000000001101100
001001000000001100
100000000000010001
000000000001100110
000110000001011010
100000000001100111
000110010001101010
000001000000000110
000000000001101010
000001010001011100
000000000100010110
000000110001000101
000000000001011111
000000001001010010
001000000000100000
010000000001011001
100000000000010110
000000000101010010
010000010001011000
100000000100010010
100000100001010001
100000000111100001
000010010111000000
000001000100010110
100000000101010101
100000010111101100
100001110111010101
100000000111111100
000001000101100010
000000010100001010
000000000100011010
000000000100001001
000000000000100000
000000000001011010
000000000001100001
100000000001100000
000000000010000001
000000000000000000
000000000000000000

